problem: oka2
population_size: 1000
num_variables: 3
num_objectives: 2
num_generations: 300
eta_crossover: 20
eta_mutation: 20
crossover_probability: 0.75
lower_bound: [-3.141592653589793, -5.0, -5.0]
upper_bound: [3.141592653589793, 5.0, 5.0]
hv_ref_point: [16.28318531 12.50662827]
polar_offset_limit: 3.141592653589793
num_max_sectors: 30
front_frequency_threshold: 0.1
monte_carlo_frequency: 2
