problem: oka1
population_size: 500
num_variables: 2
num_objectives: 2
num_generations: 750
eta_crossover: 20
eta_mutation: 20
crossover_probability: 0.75
lower_bound: [-3.141592653589793, -5.0, -5.0]
upper_bound: [3.141592653589793, 5.0, 5.0]
hv_ref_point: [14.51617669 14.78037795]
polar_offset_limit: 3.141592653589793
num_max_sectors: 30
front_frequency_threshold: 0.1
monte_carlo_frequency: 2
