problem: re5
population_size: 1000
num_variables: 4
num_objectives: 3
num_generations: 200
eta_crossover: 20
eta_mutation: 20
crossover_probability: 0.6
lower_bound: [55, 75, 1000, 11]
upper_bound: [80, 110, 3000, 20]
hv_ref_point: [5.80670000e+00 9.56681054e+00 4.32347058e+09]
